Left:
('D = ', [-0.3824853159620591, 0.12225730104925822, -0.000488665841514948, -0.003195783652587274, 0.0])
('K = ', [463.4397109090814, 0.0, 406.87002366353113, 0.0, 462.9069890953166, 220.62238724116997, 0.0, 0.0, 1.0])
('R = ', [0.9980683230803494, -0.0038922410344329585, 0.06200381378035848, 0.003686114605446018, 0.9999872947104594, 0.003438455579513053, -0.06201640930185343, -0.003203260430661729, 0.9980699895798483])
('P = ', [431.294121413693, 0.0, 346.9345397949219, 0.0, 0.0, 431.294121413693, 225.4464626312256, 0.0, 0.0, 0.0, 1.0, 0.0])

Right:
('D = ', [-0.4141992458350781, 0.17630137378347702, -0.0009200456246029337, 0.0006259670279360252, 0.0])
('K = ', [458.24055489559294, 0.0, 361.74327492191935, 0.0, 458.8540571553325, 223.41523275201303, 0.0, 0.0, 1.0])
('R = ', [0.99897737165783, 0.0006440396150934788, 0.045208363480535266, -0.0004937945339960432, 0.9999943186884233, -0.0033344801445487895, -0.04521025417504529, 0.0033087465678689762, 0.998972014179365])
('P = ', [431.294121413693, 0.0, 346.9345397949219, -42.64236412160179, 0.0, 431.294121413693, 225.4464626312256, 0.0, 0.0, 0.0, 1.0, 0.0])
('self.T ', [-0.09876962081431571, -6.367666613570907e-05, -0.004469783846252669])
('self.R ', [0.9998496275700617, -0.00423722876037178, 0.01681571111910665, 0.0041236926206857216, 0.9999685079366918, 0.006780729609453528, -0.016843913060185, -0.006710367150811935, 0.9998356132712628])
None
# oST version 5.0 parameters


[image]

width
752

height
480

[narrow_stereo/left]

camera matrix
463.439711 0.000000 406.870024
0.000000 462.906989 220.622387
0.000000 0.000000 1.000000

distortion
-0.382485 0.122257 -0.000489 -0.003196 0.000000

rectification
0.998068 -0.003892 0.062004
0.003686 0.999987 0.003438
-0.062016 -0.003203 0.998070

projection
431.294121 0.000000 346.934540 0.000000
0.000000 431.294121 225.446463 0.000000
0.000000 0.000000 1.000000 0.000000

# oST version 5.0 parameters


[image]

width
752

height
480

[narrow_stereo/right]

camera matrix
458.240555 0.000000 361.743275
0.000000 458.854057 223.415233
0.000000 0.000000 1.000000

distortion
-0.414199 0.176301 -0.000920 0.000626 0.000000

rectification
0.998977 0.000644 0.045208
-0.000494 0.999994 -0.003334
-0.045210 0.003309 0.998972

projection
431.294121 0.000000 346.934540 -42.642364
0.000000 431.294121 225.446463 0.000000
0.000000 0.000000 1.000000 0.000000



