1.000000000 -0.000000000 0.000000000 0.000000000 -0.000000000 1.000000000 0.000000000 0.000000000 0.000000000 0.000000000 1.000000000 0.000000000
0.999953628 0.003599971 -0.008921457 0.006394682 -0.003621033 0.999990702 -0.002345870 0.001291374 0.008912928 0.002378066 0.999957442 -0.001600372
0.999947608 0.003374246 -0.009654514 0.006422681 -0.003416931 0.999984384 -0.004408205 0.001334684 0.009639489 0.004440964 0.999943614 -0.001436419
0.999948621 0.003726411 -0.009422848 0.006221995 -0.003805612 0.999957502 -0.008401248 0.001425951 0.009391141 0.008436677 0.999920309 -0.001517030
0.999953389 0.002885725 -0.009210731 0.006105616 -0.002964110 0.999959409 -0.008507872 0.001183881 0.009185806 0.008534777 0.999921381 -0.001513203
0.999947727 0.002903356 -0.009793868 0.006357584 -0.002985686 0.999960244 -0.008402104 0.001274193 0.009769086 0.008430908 0.999916732 -0.001514687
0.999943137 0.003688038 -0.010003659 0.006513681 -0.003768779 0.999960363 -0.008064323 0.001449786 0.009973522 0.008101567 0.999917388 -0.001297028
0.999947250 0.003031375 -0.009808789 0.006405632 -0.003114454 0.999959290 -0.008465663 0.001235222 0.009782727 0.008495767 0.999916077 -0.001473419
0.999941230 0.003304710 -0.010321607 0.006476433 -0.003412654 0.999939501 -0.010457953 0.001239800 0.010286422 0.010492565 0.999891996 -0.001487552
0.999939919 0.003163130 -0.010489250 0.006535192 -0.003276411 0.999936283 -0.010800164 0.001272660 0.010454419 0.010833884 0.999886692 -0.001427903
0.999947190 0.001804141 -0.010111107 0.006276996 -0.001912697 0.999940455 -0.010736886 0.001022356 0.010091135 0.010755660 0.999891222 -0.001612234
0.999943018 0.002292644 -0.010424824 0.006388952 -0.002400724 0.999943376 -0.010366862 0.001031835 0.010400467 0.010391299 0.999891877 -0.001497170
0.999935865 0.003443597 -0.010784629 0.006621438 -0.003564577 0.999930620 -0.011218744 0.001313761 0.010745249 0.011256468 0.999878883 -0.001413380
0.999941528 0.002975048 -0.010384290 0.006366985 -0.003096404 0.999926805 -0.011690000 0.001250345 0.010348753 0.011721472 0.999877691 -0.001512107
0.999941468 0.002322998 -0.010558781 0.006399578 -0.002447732 0.999927163 -0.011815756 0.001159220 0.010530566 0.011840912 0.999874473 -0.001507322
0.999942541 0.001858257 -0.010549142 0.006433461 -0.001963593 0.999948204 -0.009983599 0.000972354 0.010530045 0.010003741 0.999894500 -0.001477580
0.999949574 0.001354801 -0.009944476 0.006267496 -0.001414193 0.999981165 -0.005967798 0.001091387 0.009936204 0.005981561 0.999932766 -0.001562758
0.999948919 0.002140057 -0.009872627 0.006297576 -0.002186323 0.999986589 -0.004677884 0.001466033 0.009862484 0.004699230 0.999940336 -0.001356372
0.999949455 0.001886789 -0.009877310 0.006294076 -0.001953830 0.999974966 -0.006782058 0.001137225 0.009864269 0.006801014 0.999928176 -0.001450030
0.999957144 0.001542265 -0.009120618 0.005961251 -0.001622406 0.999960065 -0.008785890 0.001048859 0.009106704 0.008800313 0.999919832 -0.001551242
0.999950409 0.002041314 -0.009739676 0.006197067 -0.002135880 0.999950528 -0.009708824 0.000935714 0.009719376 0.009729147 0.999905407 -0.001573569
0.999951661 0.001768982 -0.009665046 0.006246490 -0.001872697 0.999940634 -0.010732461 0.001026629 0.009645487 0.010750042 0.999895751 -0.001669495
0.999946952 0.001026275 -0.010245286 0.006489465 -0.001130431 0.999947608 -0.010165606 0.000868218 0.010234318 0.010176649 0.999895811 -0.001552523
0.999949992 0.000564729 -0.009986260 0.006285427 -0.000666954 0.999947309 -0.010236247 0.000841080 0.009979955 0.010242394 0.999897718 -0.001721531
0.999953032 0.001878266 -0.009502267 0.006179226 -0.001960887 0.999960244 -0.008693006 0.000976230 0.009485563 0.008711232 0.999917030 -0.001453426
0.999951303 0.001503524 -0.009754926 0.006202907 -0.001585969 0.999963045 -0.008449370 0.000838633 0.009741862 0.008464430 0.999916732 -0.001497975
0.999944270 0.001575202 -0.010433824 0.006383206 -0.001698232 0.999929011 -0.011793125 0.000986407 0.010414506 0.011810191 0.999876082 -0.002022222
0.999944091 0.001287231 -0.010495233 0.006319972 -0.001427368 0.999909759 -0.013355970 0.000887888 0.010477095 0.013370205 0.999855757 -0.001645873
0.999945402 0.001592436 -0.010326598 0.006192897 -0.001723761 0.999917567 -0.012720656 0.000879408 0.010305492 0.012737761 0.999865711 -0.001793900
0.999938965 0.002215480 -0.010818252 0.006591182 -0.002345589 0.999924779 -0.012029007 0.001181370 0.010790790 0.012053648 0.999869168 -0.001640321
0.999950647 0.002942951 -0.009486026 0.006175785 -0.003018161 0.999964058 -0.007923906 0.001253186 0.009462366 0.007952146 0.999923587 -0.001616589
0.999958396 0.004208107 -0.008091809 0.006219317 -0.004239638 0.999983370 -0.003883571 0.001339362 0.008075333 0.003917716 0.999959707 -0.001398851
0.999966323 0.004083492 -0.007116498 0.006279159 -0.004099478 0.999989092 -0.002233197 0.001425419 0.007107301 0.002262295 0.999972224 -0.001148550
0.999968886 0.004630064 -0.006377455 0.006193546 -0.004638182 0.999988437 -0.001258774 0.001616144 0.006371554 0.001288316 0.999978900 -0.001266463
0.999971151 0.003802726 -0.006576709 0.006204190 -0.003815462 0.999990880 -0.001925050 0.001315706 0.006569329 0.001950088 0.999976516 -0.001208330
0.999968350 0.004908675 -0.006242813 0.006128622 -0.004931552 0.999981105 -0.003654419 0.001501249 0.006224757 0.003685090 0.999973834 -0.001293844
0.999966264 0.005142662 -0.006401738 0.006183746 -0.005171063 0.999976814 -0.004427842 0.001571992 0.006378819 0.004460796 0.999969661 -0.001292159
0.999969900 0.004108540 -0.006583386 0.006182311 -0.004139208 0.999980569 -0.004651553 0.001442600 0.006564148 0.004678662 0.999967456 -0.001318115
0.999968290 0.004663148 -0.006452164 0.006281957 -0.004686613 0.999982417 -0.003626261 0.001504517 0.006435141 0.003656385 0.999972641 -0.001336455
0.999967396 0.004768272 -0.006506868 0.006249672 -0.004796954 0.999978781 -0.004399590 0.001512644 0.006485751 0.004430660 0.999969125 -0.001238490
0.999965012 0.005112137 -0.006603590 0.006206318 -0.005131824 0.999982417 -0.002967904 0.001412272 0.006588301 0.003001689 0.999973834 -0.001166208
0.999964952 0.004880760 -0.006785886 0.006382705 -0.004898800 0.999984443 -0.002644252 0.001528443 0.006772874 0.002677403 0.999973476 -0.001138958
0.999965906 0.005558772 -0.006107372 0.006312196 -0.005574079 0.999981344 -0.002492033 0.001841187 0.006093406 0.002525991 0.999978244 -0.000956086
0.999979854 0.003619496 -0.005206433 0.005805143 -0.003633573 0.999989748 -0.002696839 0.001283866 0.005196618 0.002715703 0.999982834 -0.001401331
0.999980748 0.003612222 -0.005047940 0.005785091 -0.003629686 0.999987483 -0.003454729 0.001244547 0.005035397 0.003472985 0.999981344 -0.001439310
0.999980032 0.004159266 -0.004750141 0.005942552 -0.004175384 0.999985516 -0.003388239 0.001435057 0.004735980 0.003408004 0.999983013 -0.001464968
0.999978483 0.004422849 -0.004836114 0.006300503 -0.004432376 0.999988198 -0.001960828 0.001623741 0.004827385 0.001982221 0.999986351 -0.001095289
0.999979556 0.004574901 -0.004468007 0.006260852 -0.004580864 0.999988675 -0.001325123 0.001685155 0.004461894 0.001345563 0.999989092 -0.001129125
0.999980092 0.004247456 -0.004659893 0.006293841 -0.004255728 0.999989331 -0.001766526 0.001610253 0.004652342 0.001786322 0.999987543 -0.001157200
0.999979675 0.004234563 -0.004757815 0.006256886 -0.004248553 0.999986708 -0.002934118 0.001735905 0.004745326 0.002954273 0.999984324 -0.001078996
0.999988139 0.002244350 -0.004303822 0.005820851 -0.002257228 0.999992967 -0.002989693 0.001230624 0.004297081 0.002999372 0.999986291 -0.001432425
0.999983430 0.003444126 -0.004602275 0.006050901 -0.003458857 0.999988854 -0.003196697 0.001622969 0.004591214 0.003212563 0.999984264 -0.001219294
0.999981403 0.003416860 -0.005046076 0.006386961 -0.003430778 0.999990284 -0.002751966 0.001566356 0.005036624 0.002769227 0.999983490 -0.001158085
0.999981940 0.003471383 -0.004914105 0.006351698 -0.003481538 0.999991834 -0.002059464 0.001502568 0.004906916 0.002076535 0.999985874 -0.001105444
0.999984860 0.003405789 -0.004321014 0.006052318 -0.003416836 0.999990821 -0.002551935 0.001614168 0.004312283 0.002566661 0.999987364 -0.001093435
0.999984205 0.003564560 -0.004339112 0.005902030 -0.003578828 0.999988139 -0.003284993 0.001410269 0.004327352 0.003300471 0.999985158 -0.001366699
0.999984801 0.003186347 -0.004497059 0.006028475 -0.003206373 0.999984920 -0.004452925 0.001449215 0.004482802 0.004467277 0.999979973 -0.001334723
0.999983251 0.003369417 -0.004699696 0.006140558 -0.003385687 0.999988258 -0.003458346 0.001365285 0.004687989 0.003474200 0.999983013 -0.001251113
0.999982893 0.003354941 -0.004790735 0.006193704 -0.003384234 0.999975562 -0.006119562 0.001152193 0.004770088 0.006135671 0.999969780 -0.001291563
0.999978900 0.004087026 -0.005048404 0.006289687 -0.004128452 0.999957621 -0.008222687 0.001329357 0.005014583 0.008243356 0.999953449 -0.001436174
0.999981761 0.002896077 -0.005303405 0.006278461 -0.002943119 0.999956191 -0.008883825 0.001094356 0.005277445 0.008899271 0.999946475 -0.001247386
0.999979138 0.003907699 -0.005136539 0.006271643 -0.003954110 0.999951124 -0.009056553 0.001495715 0.005100898 0.009076675 0.999945760 -0.001802789
0.999984920 0.004242667 -0.003482226 0.005332912 -0.004276871 0.999942005 -0.009874217 0.001805858 0.003440131 0.009888961 0.999945164 -0.002435616
0.999986589 0.003563809 -0.003736277 0.005412424 -0.003598839 0.999949217 -0.009411251 0.001555801 0.003702546 0.009424573 0.999948740 -0.002431106
0.999982595 0.002756477 -0.005212544 0.006231034 -0.002799400 0.999962032 -0.008245324 0.000807493 0.005189619 0.008259772 0.999952435 -0.001633875
0.999978364 0.004297990 -0.004973728 0.006261270 -0.004339981 0.999954760 -0.008462847 0.001087891 0.004937128 0.008484250 0.999951839 -0.001425865
0.999984562 0.003941667 -0.003895346 0.005917171 -0.003967698 0.999969602 -0.006697573 0.001207581 0.003868828 0.006712926 0.999970019 -0.001588026
0.999982893 0.004552025 -0.003656943 0.006082813 -0.004572360 0.999974012 -0.005571715 0.001323772 0.003631486 0.005588341 0.999977767 -0.001136191
0.999986470 0.004012866 -0.003290598 0.006068239 -0.004021797 0.999988139 -0.002711848 0.001332078 0.003279678 0.002725045 0.999990880 -0.001211695
0.999984324 0.005002635 -0.002499667 0.006092422 -0.005006101 0.999986470 -0.001382522 0.001806796 0.002492717 0.001395014 0.999995947 -0.000894852
0.999988377 0.004093498 -0.002532421 0.006117561 -0.004091204 0.999991119 0.000910386 0.001596594 0.002536127 -0.000900016 0.999996364 -0.000999003
0.999983490 0.005030361 -0.002743395 0.006305409 -0.005033751 0.999986529 -0.001230094 0.001809135 0.002737171 0.001243884 0.999995530 -0.000725816
0.999986649 0.004776900 -0.001972659 0.005721677 -0.004784920 0.999980211 -0.004080970 0.001593493 0.001953126 0.004090354 0.999989688 -0.001313686
0.999989092 0.004007283 -0.002371283 0.005771028 -0.004020249 0.999976814 -0.005489208 0.001157842 0.002349231 0.005498682 0.999982178 -0.001474525
0.999986589 0.004256272 -0.002937355 0.005881025 -0.004278576 0.999961734 -0.007629420 0.001184912 0.002904769 0.007641887 0.999966562 -0.001501476
0.999986470 0.004337609 -0.002834596 0.005798213 -0.004360792 0.999956608 -0.008224139 0.001193649 0.002798799 0.008236391 0.999962151 -0.001530773
0.999987006 0.004550975 -0.002285923 0.005711156 -0.004564395 0.999972165 -0.005899750 0.001266006 0.002259010 0.005910107 0.999979973 -0.001496454
0.999993742 0.003043761 -0.001778117 0.005717615 -0.003048616 0.999991655 -0.002734193 0.001542213 0.001769780 0.002739597 0.999994695 -0.001174324
0.999994040 0.002928492 -0.001784168 0.005691851 -0.002938672 0.999979258 -0.005729799 0.001051108 0.001767351 0.005735009 0.999981999 -0.001370073
0.999990344 0.003525066 -0.002615735 0.005793239 -0.003547791 0.999955535 -0.008734712 0.001029526 0.002584828 0.008743909 0.999958456 -0.001402341
0.999988616 0.003899002 -0.002727403 0.005859567 -0.003926503 0.999940693 -0.010151607 0.001155896 0.002687661 0.010162203 0.999944746 -0.001452501
0.999985516 0.004004547 -0.003576692 0.006215906 -0.004039898 0.999942482 -0.009931590 0.001170018 0.003536716 0.009945897 0.999944270 -0.001153213
0.999982476 0.004889294 -0.003315464 0.006015613 -0.004924882 0.999929428 -0.010812100 0.001179358 0.003262367 0.010828241 0.999936044 -0.001478209
0.999986112 0.003989780 -0.003451461 0.005791278 -0.004033939 0.999908864 -0.012883406 0.001113147 0.003399744 0.012897151 0.999911070 -0.001814546
0.999982953 0.004506956 -0.003678916 0.005731879 -0.004554416 0.999905109 -0.012995347 0.001172057 0.003619998 0.013011883 0.999908805 -0.001971455
0.999978304 0.005568244 -0.003508911 0.005675275 -0.005611981 0.999905109 -0.012580574 0.001342814 0.003438526 0.012599993 0.999914706 -0.002200889
0.999984741 0.004571196 -0.003110519 0.005332164 -0.004610022 0.999910116 -0.012591548 0.001132164 0.003052681 0.012605696 0.999915898 -0.002695609
0.999986351 0.003965805 -0.003385085 0.005526754 -0.004003883 0.999927878 -0.011316950 0.000824236 0.003339960 0.011330351 0.999930203 -0.002832722
0.999987245 0.004446119 -0.002408034 0.005181705 -0.004470252 0.999938846 -0.010111051 0.001127672 0.002362933 0.010121686 0.999945939 -0.003027609
0.999987245 0.004690139 -0.001874196 0.005029325 -0.004709127 0.999936283 -0.010259056 0.001233605 0.001825958 0.010267752 0.999945581 -0.003270935
0.999987781 0.004070055 -0.002811458 0.005536538 -0.004097365 0.999943793 -0.009777270 0.001193484 0.002771506 0.009788671 0.999948263 -0.002448290
0.999989450 0.003832292 -0.002521381 0.005324744 -0.003856045 0.999947608 -0.009484366 0.001204698 0.002484902 0.009493989 0.999951839 -0.002481620
0.999988973 0.003820893 -0.002728857 0.005314932 -0.003847769 0.999943435 -0.009912059 0.001310677 0.002690831 0.009922449 0.999947131 -0.002851245
0.999989331 0.003521608 -0.002979099 0.005376951 -0.003550449 0.999946296 -0.009731556 0.000963437 0.002944669 0.009742031 0.999948263 -0.002991203
0.999991715 0.002695528 -0.003044270 0.005367836 -0.002723740 0.999952912 -0.009301275 0.000790938 0.003019056 0.009309489 0.999952137 -0.002814011
0.999989927 0.003342083 -0.002996508 0.005409833 -0.003370541 0.999948680 -0.009542694 0.001122513 0.002964462 0.009552699 0.999949992 -0.002535512
0.999990404 0.002950291 -0.003202568 0.005459982 -0.002979776 0.999952853 -0.009241316 0.000955581 0.003175152 0.009250771 0.999952197 -0.002513095
0.999992192 0.003372906 -0.002042911 0.004874194 -0.003395740 0.999930561 -0.011278781 0.001256858 0.002004727 0.011285633 0.999934316 -0.003021312
0.999988914 0.004232837 -0.002028991 0.004953557 -0.004254027 0.999935150 -0.010556085 0.001254151 0.001984177 0.010564599 0.999942183 -0.002978065
0.999987364 0.004423524 -0.002370639 0.005125301 -0.004448482 0.999933541 -0.010628049 0.001329755 0.002323468 0.010638461 0.999940753 -0.002733205
0.999984741 0.004546516 -0.003119014 0.005495390 -0.004580792 0.999928176 -0.011071641 0.001434432 0.003068453 0.011085762 0.999933839 -0.003015004
0.999990284 0.003265782 -0.002953141 0.005414600 -0.003295840 0.999942183 -0.010231568 0.000876080 0.002919557 0.010241201 0.999943316 -0.003193021
0.999991655 0.003082506 -0.002665237 0.005224857 -0.003108173 0.999948323 -0.009680236 0.001151819 0.002635260 0.009688441 0.999949574 -0.002751041
0.999991596 0.003647114 -0.001849344 0.005001883 -0.003663322 0.999954283 -0.008837670 0.001424680 0.001817026 0.008844371 0.999959290 -0.002699671
0.999991357 0.003675885 -0.001939119 0.005290709 -0.003690239 0.999965370 -0.007451256 0.001111658 0.001911663 0.007458348 0.999970376 -0.002390252
0.999992967 0.002309824 -0.002963265 0.005583418 -0.002334137 0.999963462 -0.008227732 0.000871983 0.002944153 0.008234591 0.999961734 -0.002182339
0.999996066 0.002298743 -0.001580570 0.004802257 -0.002316862 0.999930501 -0.011558590 0.001082934 0.001553891 0.011562208 0.999931931 -0.002661281
0.999993801 0.003187524 -0.001472999 0.004843185 -0.003207045 0.999904454 -0.013445860 0.001518508 0.001430002 0.013450501 0.999908507 -0.002714625
0.999994397 0.003018053 -0.001426632 0.004678928 -0.003041886 0.999850631 -0.017009549 0.001497514 0.001375082 0.017013792 0.999854326 -0.003365807
0.999995172 0.002265944 -0.002082380 0.004640592 -0.002305404 0.999813974 -0.019146495 0.001218647 0.002038609 0.019151207 0.999814451 -0.004006793
0.999989033 0.001806183 -0.004289970 0.005402488 -0.001885804 0.999824643 -0.018629014 0.000589404 0.004255570 0.018636905 0.999817252 -0.003360966
0.999993324 0.000193537 -0.003636284 0.005192207 -0.000276570 0.999738812 -0.022847876 0.000658860 0.003630913 0.022848733 0.999732316 -0.002851056
0.999993801 -0.000478439 -0.003476392 0.005172951 0.000396616 0.999723732 -0.023499278 0.000646953 0.003486675 0.023497757 0.999717772 -0.003462924
0.999988258 -0.000740028 -0.004790566 0.005588823 0.000625202 0.999713480 -0.023926536 0.000773311 0.004806902 0.023923261 0.999702215 -0.003781890
0.999982953 -0.001928408 -0.005512175 0.005172164 0.001803886 0.999745011 -0.022506675 0.000441389 0.005554172 0.022496348 0.999731481 -0.003439632
0.999982238 0.001460933 -0.005778486 0.005191692 -0.001585629 0.999764562 -0.021633986 0.001034695 0.005745520 0.021642765 0.999749303 -0.003989851
0.999994457 -0.000566581 -0.003264292 0.004517641 0.000486037 0.999696612 -0.024622537 0.000991517 0.003277252 0.024620816 0.999691486 -0.004510225
0.999996066 -0.002514496 -0.001243673 0.004158400 0.002481270 0.999657989 -0.026032310 0.000562342 0.001308707 0.026029121 0.999660313 -0.004640985
0.999997914 -0.002031473 0.000080107 0.004093599 0.002032828 0.999696016 -0.024570290 0.000473961 -0.000030167 0.024570402 0.999698043 -0.004614593
0.999994397 -0.000003560 0.003336727 0.004482171 0.000088275 0.999677539 -0.025389004 0.000922404 -0.003335561 0.025389159 0.999672055 -0.004444357
0.999983490 0.000014095 0.005726863 0.005169342 0.000114207 0.999748945 -0.022402715 0.000118125 -0.005725743 0.022403002 0.999732614 -0.002513469
0.999950647 -0.000411872 0.009923863 0.004080659 0.000653929 0.999702036 -0.024400610 -0.000024519 -0.009910856 0.024405897 0.999652982 -0.003892620
0.999920607 0.001472934 0.012508332 0.004317223 -0.001172980 0.999712348 -0.023953866 0.000073899 -0.012540016 0.023937292 0.999634802 -0.003063176
0.999865115 -0.000251589 0.016419221 0.004127703 0.000624904 0.999741316 -0.022735275 -0.000246428 -0.016409254 0.022742473 0.999606669 -0.001858293
0.999835014 0.000317173 0.018157903 0.004775628 0.000075284 0.999766469 -0.021608820 -0.000141178 -0.018160522 0.021606622 0.999601603 -0.000916090
0.999781668 0.000675977 0.020880098 0.004072366 -0.000273302 0.999813974 -0.019281976 -0.000502965 -0.020889249 0.019272061 0.999596059 -0.000718272
0.999801099 -0.000912282 0.019921444 0.004229216 0.001323231 0.999786317 -0.020625053 -0.000815331 -0.019898374 0.020647313 0.999588788 -0.000939399
0.999750495 0.000336458 0.022332814 0.004250860 0.000148512 0.999764264 -0.021710411 -0.000611419 -0.022334848 0.021708313 0.999514878 -0.001633408
0.999741495 0.000294313 0.022730237 0.004561542 0.000205475 0.999758363 -0.021982335 -0.000533392 -0.022731218 0.021981327 0.999499977 -0.001671005
0.999733448 -0.000842255 0.023068784 0.004332606 0.001321473 0.999783516 -0.020766016 -0.000360720 -0.023046307 0.020790968 0.999518216 -0.002141598
0.999727368 -0.002653586 0.023193758 0.004431097 0.003042574 0.999855042 -0.016752038 -0.000650732 -0.023145948 0.016818043 0.999590635 -0.002019954
0.999701679 -0.001071355 0.024399649 0.003911206 0.001420223 0.999896884 -0.014285244 -0.000286228 -0.024381829 0.014315635 0.999600291 -0.002156785
0.999724925 -0.002246314 0.023343347 0.004010373 0.002665869 0.999835134 -0.017957658 -0.000446447 -0.023299169 0.018014953 0.999566197 -0.001953128
0.999727845 -0.001638356 0.023269158 0.003724052 0.002060409 0.999833584 -0.018125495 -0.000083703 -0.023235593 0.018168507 0.999564886 -0.002104409
0.999776125 -0.002551187 0.021002643 0.004366037 0.002903247 0.999855399 -0.016749308 -0.000464720 -0.020956874 0.016806535 0.999639153 -0.002112588
0.999780357 -0.002447464 0.020813877 0.004474522 0.002794741 0.999857068 -0.016672168 0.000328512 -0.020770097 0.016726678 0.999644339 -0.002150709
0.999774635 -0.002081600 0.021125516 0.004462680 0.002414340 0.999873161 -0.015737377 0.000106073 -0.021090079 0.015784834 0.999652982 -0.001981190
0.999759376 -0.002327082 0.021807984 0.004162997 0.002666527 0.999875486 -0.015549064 -0.000387874 -0.021769084 0.015603475 0.999641240 -0.002110754
0.999799371 -0.001833494 0.019941997 0.005027041 0.002173814 0.999852061 -0.017057262 0.000025906 -0.019907776 0.017097194 0.999655604 -0.001723855
0.999768555 -0.001327892 0.021471485 0.004174641 0.001702696 0.999846280 -0.017447080 0.000088872 -0.021445021 0.017479606 0.999617219 -0.002055972
0.999768376 -0.001394133 0.021473924 0.004504756 0.001764485 0.999849856 -0.017237332 -0.000326764 -0.021446671 0.017271228 0.999620795 -0.001930953
0.999751449 -0.000707052 0.022281792 0.004212945 0.001097942 0.999845564 -0.017535686 -0.000340863 -0.022265956 0.017555794 0.999597967 -0.001913333
0.999775469 -0.001459262 0.021131746 0.004555331 0.001815580 0.999856293 -0.016852379 -0.000223427 -0.021104123 0.016886964 0.999634683 -0.001857167
0.999772906 -0.002222025 0.021190435 0.004487801 0.002546397 0.999879837 -0.015292788 -0.000086994 -0.021153910 0.015343274 0.999658525 -0.002004056
0.999752879 -0.003089105 0.022011185 0.004104453 0.003418581 0.999882400 -0.014946753 0.000066321 -0.021962427 0.015018309 0.999646008 -0.002660426
0.999758422 -0.003701014 0.021664904 0.004003596 0.004003199 0.999895036 -0.013921471 0.000040434 -0.021611104 0.014004838 0.999668360 -0.002719609
0.999801397 -0.004320676 0.019448992 0.004462366 0.004533807 0.999929905 -0.010927755 0.000194048 -0.019400414 0.011013764 0.999751091 -0.002609210
0.999772787 -0.006337750 0.020348188 0.003275124 0.006383865 0.999977112 -0.002202165 -0.000157659 -0.020333767 0.002331565 0.999790490 -0.002726591
0.999729633 -0.006805991 0.022231951 0.001860645 0.006632442 0.999947011 0.007870760 -0.000427810 -0.022284340 -0.007721181 0.999721885 -0.003654990
0.999769807 -0.010449166 0.018730476 0.003494748 0.010063299 0.999737561 0.020578235 0.000453084 -0.018940588 -0.020385012 0.999612808 -0.002486002
0.999767780 -0.014339450 0.016081817 0.004326856 0.013801476 0.999357402 0.033078525 0.000918251 -0.016545814 -0.032848891 0.999323428 -0.001233039
0.999759078 -0.016491326 0.014483481 0.004597482 0.015940201 0.999174058 0.037376806 -0.000610715 -0.015087915 -0.037136931 0.999196231 -0.000074128
0.999763906 -0.014759525 0.015940797 0.004071501 0.014165239 0.999223232 0.036771297 0.000095674 -0.016471148 -0.036536817 0.999196589 0.000216474
0.999795496 -0.013306060 0.015219951 0.004437243 0.012722484 0.999203563 0.037817597 -0.000067224 -0.015711036 -0.037616231 0.999168694 -0.000556870
0.999831319 -0.010570690 0.015018967 0.004568908 0.009996861 0.999235928 0.037781473 -0.000273824 -0.015406868 -0.037624955 0.999173105 0.000352286
0.999829829 -0.011064180 0.014760320 0.004497604 0.010472927 0.999162734 0.039550107 -0.000184365 -0.015185552 -0.039388794 0.999108613 0.000133234
0.999831200 -0.011143856 0.014602811 0.004475822 0.010592598 0.999247968 0.037298638 -0.000679494 -0.015007482 -0.037137665 0.999197483 0.000021881
0.999852002 -0.011460054 0.012824483 0.004671643 0.011092965 0.999536753 0.028338011 0.001094388 -0.013143296 -0.028191563 0.999516189 -0.000194476
0.999804258 -0.014131924 0.013839308 0.004268439 0.013680963 0.999389231 0.032155298 -0.000294039 -0.014285272 -0.031959675 0.999387085 -0.000240536
0.999754965 -0.014451015 0.016763860 0.004220402 0.013909366 0.999391377 0.031989038 -0.000382998 -0.017215936 -0.031748027 0.999347627 -0.000465589
0.999669611 -0.015643531 0.020394748 0.003215217 0.014919579 0.999269545 0.035178464 -0.001529838 -0.020930169 -0.034862552 0.999172926 -0.003604524
0.999699116 -0.013757152 0.020312406 0.003252531 0.013093181 0.999386907 0.032466732 -0.001408834 -0.020746600 -0.032191008 0.999266386 -0.003747341
0.999730647 -0.012224804 0.019728577 0.003312066 0.011660027 0.999525845 0.028492870 -0.001172898 -0.020067541 -0.028255157 0.999399304 -0.003496703
0.999753892 -0.011213506 0.019146176 0.002519100 0.010856470 0.999766946 0.018650962 0.000079008 -0.019350860 -0.018438509 0.999642670 -0.004625342
0.999805033 -0.011846998 0.015799304 0.002688543 0.011665145 0.999865055 0.011553116 -0.000421214 -0.015934043 -0.011366557 0.999808431 -0.004615229
0.999832451 -0.013156207 0.012722256 0.003015324 0.013064791 0.999888301 0.007242291 0.000385684 -0.012816118 -0.007074865 0.999892771 -0.002153903
0.999858320 -0.013397125 0.010178998 0.003691144 0.013347011 0.999898434 0.004975477 -0.000155922 -0.010244622 -0.004838915 0.999935746 -0.002301647
0.999842823 -0.014120502 0.010718185 0.003319463 0.014058441 0.999884009 0.005843450 -0.001800542 -0.010799457 -0.005691851 0.999925494 -0.003259484
0.999849558 -0.013059988 0.011407098 0.002939082 0.013001665 0.999901950 0.005171745 -0.001310354 -0.011473524 -0.005022657 0.999921501 -0.003531192
0.999821782 -0.014977155 0.011490317 0.002853904 0.014930597 0.999879956 0.004126952 -0.001164364 -0.011550748 -0.003954659 0.999925375 -0.003812582
0.999810219 -0.016293174 0.010671359 0.003198834 0.016248569 0.999858856 0.004253185 -0.001515128 -0.010739151 -0.004078983 0.999933958 -0.003342072
0.999796569 -0.017595146 0.009852700 0.003305606 0.017548300 0.999834299 0.004821103 -0.001858222 -0.009935894 -0.004647224 0.999939799 -0.003535460
0.999825239 -0.016102144 0.009495848 0.003297973 0.016069857 0.999864757 0.003466328 -0.001074449 -0.009550375 -0.003313126 0.999948859 -0.003149484
0.999820411 -0.017248929 0.007845559 0.003813521 0.017215889 0.999842644 0.004259598 -0.000947303 -0.007917798 -0.004123765 0.999960124 -0.002557767
0.999839425 -0.015959518 0.008144384 0.003598136 0.015910612 0.999855161 0.006034836 -0.000904799 -0.008239515 -0.005904285 0.999948561 -0.002274525
0.999839544 -0.016042802 0.007965824 0.003742342 0.015985001 0.999845684 0.007267097 -0.001002672 -0.008081179 -0.007138595 0.999941766 -0.002477929
0.999841690 -0.015533215 0.008676164 0.003501331 0.015483225 0.999863267 0.005799418 0.000027194 -0.008765061 -0.005664164 0.999945521 -0.002565655
0.999800026 -0.016946936 0.010611551 0.003038893 0.016863283 0.999826312 0.007923681 -0.001164814 -0.010743991 -0.007743152 0.999912202 -0.002923510
0.999789655 -0.016061367 0.012748120 0.003283548 0.015996240 0.999858439 0.005194372 -0.000456740 -0.012829743 -0.004989359 0.999905229 -0.003592997
0.999728560 -0.017205577 0.015710130 0.002942693 0.017163988 0.999848723 0.002778302 -0.000407658 -0.015755557 -0.002507900 0.999872684 -0.003000038
0.999638796 -0.019018743 0.018988736 0.002455025 0.018949332 0.999813020 0.003828556 -0.001581771 -0.019058002 -0.003467350 0.999812305 -0.004182080
0.999616027 -0.019066256 0.020105693 0.002938109 0.019117031 0.999814391 -0.002336393 -0.000130694 -0.020057417 0.002719857 0.999795079 -0.003862322
0.999520361 -0.022331942 0.021456443 0.003961775 0.022472097 0.999727428 -0.006313493 -0.001167746 -0.021309603 0.006792636 0.999749839 -0.002132003
0.999291062 -0.024743661 0.028374756 0.002926280 0.025154011 0.999582648 -0.014197323 -0.001810211 -0.028011626 0.014900997 0.999496579 -0.002489085
0.999235868 -0.024389356 0.030540027 0.002808722 0.025314003 0.999221265 -0.030265121 -0.000221197 -0.029778099 0.031015085 0.999075174 -0.001200379
0.999253333 -0.022781691 0.031202136 0.002782317 0.024265781 0.998550415 -0.048041429 -0.001166369 -0.030062441 0.048762705 0.998357892 -0.000623464
0.999213457 -0.020869359 0.033715345 0.001196337 0.022624401 0.998362362 -0.052540611 -0.000831595 -0.032563645 0.053262085 0.998049438 -0.000442739
0.999229670 -0.020205932 0.033641033 0.000528847 0.022028478 0.998258889 -0.054717757 0.000276760 -0.032476824 0.055416673 0.997934878 -0.001144185
0.999346972 -0.020037226 0.030069070 0.000616483 0.021656726 0.998276889 -0.054537162 0.000243682 -0.028924482 0.055152744 0.998058856 -0.000700805
0.999450207 -0.018555570 0.027477095 0.000881224 0.020002617 0.998374939 -0.053361136 0.000168665 -0.026442286 0.053881411 0.998197138 0.000940876
0.999513924 -0.017230924 0.025980260 0.000576532 0.018540120 0.998525321 -0.051023278 -0.000019499 -0.025062760 0.051480148 0.998359442 0.001654376
0.999530792 -0.017100567 0.025412876 0.000539892 0.018357662 0.998576224 -0.050086148 -0.000159811 -0.024520190 0.050529175 0.998421490 0.002998256
0.999560356 -0.014246767 0.026002934 -0.000150916 0.015550045 0.998596609 -0.050626475 -0.000020194 -0.025245178 0.051008563 0.998379052 0.003892583
0.999670804 -0.013052874 0.022088926 0.000404609 0.014166754 0.998595834 -0.051045854 -0.001228229 -0.021391604 0.051341973 0.998452008 0.005249824
0.999766111 -0.013473565 0.016916214 -0.000260118 0.014434821 0.998209298 -0.058051564 -0.000217390 -0.016103750 0.058282174 0.998170197 0.005841536
0.999713063 -0.022913370 0.006978370 0.000215048 0.023292830 0.997909486 -0.060284253 -0.001560850 -0.005582465 0.060429506 0.998156786 0.006348949
0.999596953 -0.028318712 0.001973748 -0.000010680 0.028387327 0.997343481 -0.067082889 -0.000467914 -0.000068799 0.067111880 0.997745395 0.006489295
0.999466658 -0.032587301 0.002136227 -0.000271665 0.032656774 0.996962428 -0.070707932 -0.001106407 0.000174452 0.070739977 0.997494757 0.008098840
0.999454856 -0.032734022 0.004304908 -0.000463659 0.032961830 0.996758223 -0.073393434 -0.002190626 -0.001888486 0.073495328 0.997293711 0.010258358
0.999499142 -0.030983327 0.006440246 -0.001048163 0.031389087 0.996509194 -0.077357054 -0.001938708 -0.004020983 0.077520467 0.996982574 0.010787585
0.999592364 -0.028061658 0.005250635 -0.000899849 0.028381504 0.996661305 -0.076556668 -0.002895681 -0.003084792 0.076674484 0.997051239 0.012712322
0.999591053 -0.028457783 0.002814231 -0.000448739 0.028588459 0.996803284 -0.074605480 -0.003535168 -0.000682123 0.074655421 0.997209013 0.014288491
0.999614179 -0.027766906 0.000742815 -0.000082955 0.027744200 0.996786535 -0.075146161 -0.002707482 0.001346156 0.075137764 0.997172236 0.015635163
0.999436677 -0.033559393 0.000204481 -0.000033705 0.033484563 0.996762812 -0.073093809 -0.002789532 0.002249170 0.073059484 0.997325003 0.015926693
0.999284923 -0.037675574 0.003187124 -0.001121530 0.037807513 0.996653080 -0.072480395 -0.003370209 -0.000445716 0.072549060 0.997364700 0.016607268
0.999218166 -0.039417468 0.003025569 -0.000691357 0.039533161 0.996553063 -0.072932430 -0.003779612 -0.000140328 0.072995007 0.997332215 0.017406242
0.999308527 -0.036878735 0.004722266 -0.001438053 0.037131056 0.996419013 -0.075963423 -0.002391720 -0.001903906 0.076086245 0.997099340 0.018735871
0.999482632 -0.032111552 0.001837231 -0.000896170 0.032157887 0.996539891 -0.076644033 -0.002138684 0.000630286 0.076663464 0.997056782 0.019456716
0.999594212 -0.028484734 0.000117373 -0.000800789 0.028410332 0.996668518 -0.076451108 -0.001976060 0.002060719 0.076423414 0.997073293 0.019569062
0.999691010 -0.024858898 0.000373419 -0.001329217 0.024813130 0.996686935 -0.077455699 -0.001391353 0.001553286 0.077441022 0.996995628 0.020083470
0.999745429 -0.022556670 -0.000535160 -0.001405567 0.022454780 0.996990085 -0.074206494 -0.003711224 0.002207406 0.074175581 0.997242689 0.020524627
0.999704778 -0.024237989 -0.001688242 -0.000977914 0.024042225 0.996873438 -0.075269371 -0.003583514 0.003507338 0.075206563 0.997161746 0.021597993
0.999708176 -0.023880763 -0.003625002 -0.000847710 0.023520196 0.996600270 -0.078960970 -0.002390286 0.005498331 0.078852654 0.996871054 0.023084659
0.999626458 -0.026892945 -0.004860759 -0.001019103 0.026437692 0.996662974 -0.077227011 -0.004533922 0.006921403 0.077069640 0.997001588 0.023999259
0.999553919 -0.029227296 -0.006134640 -0.000688997 0.028667411 0.996605217 -0.077176496 -0.005239394 0.008369483 0.076966211 0.996998549 0.024267977
0.999569356 -0.028555490 -0.006754726 -0.001225642 0.027909571 0.996271133 -0.081639618 -0.004417232 0.009060808 0.081415951 0.996639013 0.025411731
0.999648511 -0.024847232 -0.009233247 -0.001302743 0.023956960 0.995965958 -0.086475156 -0.001973904 0.011344675 0.086223572 0.996211171 0.026298089
0.999668777 -0.022224091 -0.012971189 -0.001504124 0.021084415 0.996391296 -0.082217507 -0.002894730 0.014751587 0.081916794 0.996529996 0.027097601
0.999675453 -0.018576656 -0.017437015 -0.001751858 0.017231060 0.997081161 -0.074379683 -0.005254218 0.018767845 0.074055083 0.997077525 0.028603384
0.999701023 -0.013739007 -0.020225067 -0.002024755 0.012228867 0.997258127 -0.072984733 -0.003927253 0.021172360 0.072715588 0.997127950 0.029908111
0.999684274 -0.011484163 -0.022345871 -0.001855087 0.009958439 0.997687817 -0.067229927 -0.005139146 0.023066282 0.066986173 0.997487187 0.028720530
0.999649107 -0.012303731 -0.023457356 -0.002123811 0.010732815 0.997764826 -0.065956965 -0.005177043 0.024216440 0.065682061 0.997546673 0.028892722
0.999568880 -0.014232310 -0.025679737 -0.001850923 0.012474620 0.997651100 -0.067354135 -0.004138517 0.026578024 0.067004740 0.997398555 0.030950284
0.999508858 -0.017492600 -0.025996596 -0.002364692 0.015766077 0.997747958 -0.065195799 -0.004957453 0.027078498 0.064753912 0.997533798 0.031177593
0.999428809 -0.018145563 -0.028508712 -0.001594833 0.016121779 0.997439086 -0.069681071 -0.002892923 0.029700108 0.069181651 0.997161806 0.030822849
0.999412000 -0.020540180 -0.027454458 -0.002322417 0.018577196 0.997378528 -0.069936134 -0.004107298 0.028818991 0.069384985 0.997173607 0.031341109
0.999436259 -0.019616345 -0.027243793 -0.001768458 0.017629128 0.997294903 -0.071358897 -0.004146484 0.028569892 0.070838369 0.997078538 0.031770181
0.999519646 -0.019849371 -0.023797508 -0.003078715 0.018086387 0.997230709 -0.072137795 -0.004161729 0.025163502 0.071672745 0.997110605 0.031945191
0.999407291 -0.019829977 -0.028140254 -0.001389342 0.017831933 0.997418463 -0.069559358 -0.006074691 0.029446971 0.069016330 0.997180820 0.031881694
0.999449074 -0.020061592 -0.026438780 -0.002825061 0.018067107 0.997121990 -0.073630378 -0.004673684 0.027839828 0.073112138 0.996935010 0.031419359
0.999187291 -0.024963379 -0.031646933 -0.001518254 0.022563089 0.996998727 -0.074057750 -0.005015256 0.033400681 0.073283508 0.996751606 0.031906683
0.998953760 -0.031240080 -0.033397857 -0.001938136 0.028797807 0.997041881 -0.071261577 -0.005921703 0.035525288 0.070225224 0.996898353 0.032600049
0.998962164 -0.031938743 -0.032471832 -0.003198568 0.029588072 0.997075617 -0.070460379 -0.004789833 0.034627285 0.069426470 0.996985853 0.032825220
0.998966634 -0.028313233 -0.035553042 -0.002573149 0.025848117 0.997351885 -0.067978658 -0.004815827 0.037383597 0.066989429 0.997053087 0.034762509
0.998969972 -0.024335084 -0.038299073 -0.002181929 0.021779900 0.997596800 -0.065775283 -0.005675549 0.039807677 0.064873375 0.997099161 0.036692917
0.999007523 -0.019737599 -0.039931376 -0.002123935 0.017218186 0.997897565 -0.062482264 -0.005886097 0.041080654 0.061732698 0.997246921 0.037637044
0.998947978 -0.020235751 -0.041150171 -0.001929541 0.017862327 0.998200178 -0.057248633 -0.007238541 0.042234585 0.056453373 0.997511446 0.038225222
0.998955607 -0.021779004 -0.040166579 -0.002173479 0.019448087 0.998154104 -0.057535943 -0.005865298 0.041345496 0.056694686 0.997535050 0.038543969
0.999053836 -0.023016308 -0.036898628 -0.002955184 0.021018617 0.998338997 -0.053642709 -0.006677846 0.038072009 0.052816395 0.997878194 0.037656330
0.999012947 -0.024191713 -0.037254386 -0.002745939 0.022217430 0.998372316 -0.052526396 -0.005867809 0.038464457 0.051646851 0.997924387 0.041155919
0.998905540 -0.024688402 -0.039725639 -0.001359218 0.022627465 0.998415649 -0.051517982 -0.005501749 0.040934592 0.050562706 0.997881651 0.042872250
0.999085426 -0.025583761 -0.034259655 -0.002958451 0.024069238 0.998745322 -0.043912694 -0.006952237 0.035340123 0.043047920 0.998447716 0.040205177
0.999133170 -0.024769995 -0.033458821 -0.002788404 0.023462988 0.998967409 -0.038906354 -0.007017860 0.034387983 0.038087588 0.998682499 0.040366687
0.999158382 -0.022933785 -0.034007553 -0.002702557 0.021705277 0.999113798 -0.036063917 -0.007208850 0.034804493 0.035295427 0.998770654 0.042579498
0.999148607 -0.025477463 -0.032449137 -0.003848242 0.024252988 0.998999059 -0.037585549 -0.005736957 0.033374250 0.036766563 0.998766363 0.043611445
0.999230862 -0.028465623 -0.026970141 -0.006014192 0.027525099 0.999021292 -0.034624670 -0.006689288 0.027929356 0.033855684 0.999036372 0.037916221
0.999203861 -0.030623028 -0.025572093 -0.005904109 0.029756712 0.998992383 -0.033597142 -0.006892433 0.026575172 0.032809440 0.999108315 0.039194629
0.999217212 -0.032402709 -0.022697002 -0.005935343 0.031727940 0.999061644 -0.029484013 -0.007081383 0.023631066 0.028740803 0.999307573 0.039135333
0.999363363 -0.029750859 -0.019690227 -0.006012901 0.029242901 0.999244452 -0.025601259 -0.006384572 0.020437013 0.025009155 0.999478340 0.039646424
0.999450922 -0.027895089 -0.017882261 -0.005555625 0.027542435 0.999427080 -0.019672757 -0.005869154 0.018420793 0.019169435 0.999646544 0.040476929
0.999430656 -0.029397579 -0.016558250 -0.006112461 0.029167041 0.999476612 -0.013996217 -0.005219514 0.016961040 0.013505293 0.999764979 0.040273022
0.999362230 -0.031393569 -0.017019838 -0.006059228 0.031238031 0.999468446 -0.009328710 -0.004721192 0.017303657 0.008791091 0.999811649 0.040971644
0.999307811 -0.033127341 -0.016927894 -0.005844965 0.033051562 0.999442399 -0.004736708 -0.004341528 0.017075367 0.004173933 0.999845564 0.041347127
0.999229610 -0.035509638 -0.016706463 -0.005529327 0.035482246 0.999368548 -0.001932953 -0.004143732 0.016764548 0.001338676 0.999858618 0.042240929
0.999417961 -0.030334098 -0.015608550 -0.005534966 0.030331343 0.999539852 -0.000412915 -0.003676351 0.015613893 -0.000060756 0.999878168 0.044312593
0.999524653 -0.028254986 -0.012334729 -0.006721924 0.028293489 0.999595284 0.002958301 -0.004233476 0.012246151 -0.003305893 0.999919593 0.044037487
0.999697745 -0.021754699 -0.011452538 -0.006613076 0.021809949 0.999751031 0.004721962 -0.003968904 0.011346964 -0.004970323 0.999923289 0.045686062
0.999707043 -0.020745305 -0.012473273 -0.006072382 0.020836834 0.999756634 0.007253692 -0.003337438 0.012319759 -0.007511474 0.999895930 0.046590336
0.999649525 -0.022848342 -0.013371391 -0.006256902 0.022986552 0.999682963 0.010275483 -0.002941119 0.013132373 -0.010579251 0.999857843 0.046854619
0.999562860 -0.026547546 -0.013018115 -0.006794928 0.026705334 0.999570131 0.012100369 -0.003472252 0.012691285 -0.012442734 0.999842107 0.047103293
0.999501288 -0.028069440 -0.014468499 -0.006136180 0.028222870 0.999546349 0.010511652 -0.003401327 0.014166879 -0.010914758 0.999840140 0.047072664
0.999524057 -0.027994713 -0.012957224 -0.006576492 0.028103855 0.999570489 0.008319464 -0.003519024 0.012718759 -0.008679647 0.999881446 0.046367489
0.999553204 -0.027522489 -0.011658551 -0.007094529 0.027576087 0.999609768 0.004462082 -0.003841670 0.011531195 -0.004781589 0.999922097 0.046865232
0.999586284 -0.026524700 -0.011119651 -0.007064587 0.026551910 0.999644756 0.002306424 -0.004418281 0.011054523 -0.002600722 0.999935567 0.046976015
0.999580801 -0.026695805 -0.011199927 -0.007453751 0.026715253 0.999641955 0.001590844 -0.004411131 0.011153448 -0.001889385 0.999936044 0.046683080
0.999606550 -0.025100222 -0.012521930 -0.007276881 0.025111061 0.999684453 0.000709213 -0.004110760 0.012500178 -0.001023386 0.999921381 0.046792440
0.999641359 -0.023971621 -0.011940567 -0.007415903 0.023980331 0.999712288 0.000586905 -0.004512968 0.011923058 -0.000873040 0.999928653 0.045587152
0.999624729 -0.024994753 -0.011215121 -0.007491898 0.024994927 0.999687612 -0.000124738 -0.004865159 0.011214739 -0.000155631 0.999937117 0.044437107
0.999683678 -0.023248686 -0.009596566 -0.007878858 0.023229705 0.999728024 -0.002084516 -0.004828754 0.009642420 0.001860924 0.999951780 0.046083439
