1.000000000 0.000000000 0.000000000 0.000000000 0.000000000 1.000000000 0.000000000 0.000000000 0.000000000 0.000000000 1.000000000 0.000000000
0.999999762 0.000595478 -0.000342098 0.000628477 -0.000595382 0.999999762 0.000280205 -0.000246799 0.000342265 -0.000280001 0.999999881 0.000551811
0.999999881 0.000104088 -0.000677213 0.000793213 -0.000103834 0.999999881 0.000374875 -0.000457035 0.000677252 -0.000374804 0.999999702 0.000727980
0.999999642 0.000795261 -0.000287986 0.000703067 -0.000795253 0.999999821 0.000030020 -0.000310181 0.000288010 -0.000029791 0.999999881 0.000853242
0.999999881 0.000042410 -0.000394621 0.000514663 -0.000042363 0.999999940 0.000120789 -0.000286803 0.000394626 -0.000120772 0.999999940 0.000588636
0.999999762 0.000391368 -0.000426597 0.000728612 -0.000391313 0.999999940 0.000129451 -0.000312683 0.000426648 -0.000129284 0.999999881 0.000718330
0.999999702 0.000109720 -0.000796343 0.000723362 -0.000109879 1.000000000 -0.000199051 -0.000259681 0.000796321 0.000199139 0.999999583 0.000661700
0.999999821 -0.000074339 -0.000628308 0.000448058 0.000074253 1.000000119 -0.000137846 -0.000170794 0.000628318 0.000137800 0.999999762 0.000368396
0.999999821 0.000052359 -0.000527101 0.000637899 -0.000052418 1.000000000 -0.000111235 -0.000288147 0.000527095 0.000111262 0.999999881 0.000732383
0.999999821 0.000276038 -0.000477232 0.000672283 -0.000275985 1.000000000 0.000111626 -0.000300711 0.000477263 -0.000111495 0.999999881 0.000689470
0.999999762 0.000037890 -0.000569961 0.000628276 -0.000038058 0.999999940 -0.000295926 -0.000240001 0.000569950 0.000295947 0.999999762 0.000698429
0.999999821 0.000302215 -0.000487274 0.000571265 -0.000302202 1.000000000 0.000027585 -0.000275110 0.000487283 -0.000027437 0.999999881 0.000556162
0.999999881 0.000405735 -0.000276261 0.000607316 -0.000405749 0.999999940 -0.000052434 -0.000226953 0.000276239 0.000052546 0.999999881 0.000696240
0.999999702 0.000749354 -0.000188923 0.000619568 -0.000749333 0.999999762 0.000109025 -0.000270472 0.000189005 -0.000108884 1.000000000 0.000776153
0.999999762 0.000506496 -0.000291017 0.000558927 -0.000506477 0.999999881 0.000065289 -0.000227226 0.000291050 -0.000065141 0.999999881 0.000668026
0.999999821 0.000587057 -0.000157150 0.000478204 -0.000587121 0.999999821 -0.000409631 -0.000100400 0.000156909 0.000409723 0.999999821 0.000617802
0.999999762 -0.000463478 -0.000554841 0.000385126 0.000463376 1.000000000 -0.000184402 -0.000227077 0.000554927 0.000184145 0.999999821 0.000412103
0.999999881 0.000072838 -0.000415368 0.000434233 -0.000072774 1.000000000 0.000154302 -0.000231217 0.000415379 -0.000154272 0.999999821 0.000402536
0.999999821 0.000545036 -0.000100861 0.000483801 -0.000545033 0.999999881 0.000031868 -0.000209572 0.000100878 -0.000031813 1.000000000 0.000655782
0.999999881 0.000316762 -0.000229662 0.000449571 -0.000316745 0.999999940 0.000073147 -0.000251577 0.000229685 -0.000073074 1.000000000 0.000598598
0.999999762 0.000527463 -0.000299006 0.000512947 -0.000527442 0.999999881 0.000068073 -0.000214528 0.000299041 -0.000067915 0.999999881 0.000575030
0.999999702 0.000731400 -0.000339301 0.000652409 -0.000731368 0.999999762 0.000095664 -0.000247798 0.000339371 -0.000095416 0.999999940 0.000688981
0.999999881 0.000340310 -0.000147982 0.000456511 -0.000340312 0.999999940 -0.000008785 -0.000226488 0.000147979 0.000008836 0.999999940 0.000548940
0.999999821 0.000467445 -0.000414099 0.000592256 -0.000467430 0.999999940 0.000036769 -0.000257315 0.000414116 -0.000036575 0.999999881 0.000613325
0.999999821 0.000576199 -0.000222699 0.000592341 -0.000576270 0.999999821 -0.000319700 -0.000131936 0.000222514 0.000319828 0.999999881 0.000656975
0.999999762 0.000544746 -0.000412603 0.000647733 -0.000544806 0.999999940 -0.000146396 -0.000203634 0.000412524 0.000146620 0.999999881 0.000698378
0.999999940 0.000123504 -0.000336616 0.000629083 -0.000123509 1.000000000 -0.000014738 -0.000294755 0.000336614 0.000014780 0.999999881 0.000677099
0.999999821 0.000566951 -0.000026496 0.000510980 -0.000566958 0.999999821 -0.000264028 -0.000127919 0.000026346 0.000264043 1.000000000 0.000633432
0.999999642 0.000923629 0.000062743 0.000571696 -0.000923626 0.999999642 -0.000042874 -0.000209980 -0.000062783 0.000042816 0.999999940 0.000797740
0.999999821 0.000415353 -0.000390179 0.000633833 -0.000415384 0.999999940 -0.000080418 -0.000234267 0.000390146 0.000080580 0.999999940 0.000626853
0.999999762 0.000468050 -0.000383417 0.000655507 -0.000468143 0.999999881 -0.000242086 -0.000211602 0.000383303 0.000242266 0.999999821 0.000742348
0.999999702 0.000726710 -0.000125677 0.000535784 -0.000726701 0.999999821 0.000073124 -0.000236176 0.000125730 -0.000073032 0.999999940 0.000680509
0.999999881 0.000198167 -0.000316701 0.000528692 -0.000198264 0.999999940 -0.000304970 -0.000148663 0.000316640 0.000305032 0.999999881 0.000570752
0.999999344 0.001147545 -0.000204001 0.000617937 -0.001147603 0.999999344 -0.000284049 -0.000077090 0.000203675 0.000284283 0.999999881 0.000621164
0.999999583 0.000695050 -0.000542402 0.000732530 -0.000695179 0.999999762 -0.000237864 -0.000262857 0.000542237 0.000238241 0.999999762 0.000769339
0.999999464 0.000964213 -0.000135032 0.000610556 -0.000964222 0.999999523 -0.000062891 -0.000215196 0.000134971 0.000063022 1.000000000 0.000735239
0.999999642 0.000507807 -0.000593739 0.000712397 -0.000507909 0.999999940 -0.000172639 -0.000215154 0.000593651 0.000172941 0.999999762 0.000672662
0.999999821 0.000596779 -0.000058757 0.000578893 -0.000596776 0.999999881 0.000048678 -0.000239317 0.000058786 -0.000048643 1.000000000 0.000692712
0.999999762 0.000457758 -0.000508193 0.000621459 -0.000457757 0.999999881 0.000001216 -0.000242474 0.000508193 -0.000000984 0.999999881 0.000550033
0.999999583 0.000844629 -0.000431596 0.000685309 -0.000844810 0.999999583 -0.000419929 -0.000126114 0.000431241 0.000420294 0.999999881 0.000733793
0.999999821 0.000265970 -0.000506527 0.000690620 -0.000266102 1.000000000 -0.000259705 -0.000283727 0.000506458 0.000259840 0.999999762 0.000798431
0.999999881 0.000194786 -0.000311151 0.000515759 -0.000194810 1.000000000 -0.000078880 -0.000228839 0.000311135 0.000078941 0.999999881 0.000603757
0.999999821 0.000181404 -0.000434264 0.000632175 -0.000181617 0.999999881 -0.000491858 -0.000199952 0.000434174 0.000491937 0.999999702 0.000756802
0.999999940 0.000166693 -0.000170818 0.000507782 -0.000166717 1.000000000 -0.000142887 -0.000211569 0.000170794 0.000142916 0.999999940 0.000634321
0.999999881 0.000156016 -0.000400359 0.000640700 -0.000156175 0.999999940 -0.000398862 -0.000251231 0.000400297 0.000398924 0.999999762 0.000711726
0.999999881 0.000367628 -0.000355606 0.000681221 -0.000367795 0.999999821 -0.000470974 -0.000221211 0.000355433 0.000471105 0.999999821 0.000841371
0.999999702 -0.000116848 -0.000699464 0.000678239 0.000116682 0.999999940 -0.000237025 -0.000301395 0.000699492 0.000236943 0.999999642 0.000567439
0.999999940 0.000122384 -0.000305346 0.000429140 -0.000122423 1.000000000 -0.000126768 -0.000102175 0.000305330 0.000126805 0.999999881 0.000384346
0.999999583 0.000884372 -0.000082074 0.000583889 -0.000884399 0.999999642 -0.000333007 -0.000100057 0.000081780 0.000333080 0.999999881 0.000648190
0.999999821 0.000531585 -0.000049926 0.000565264 -0.000531605 0.999999762 -0.000399681 -0.000186775 0.000049713 0.000399708 0.999999881 0.000698673
0.999999523 0.001019236 -0.000296186 0.000613402 -0.001019342 0.999999404 -0.000355222 -0.000120121 0.000295824 0.000355524 0.999999940 0.000535255
0.999999881 0.000575619 -0.000004819 0.000438159 -0.000575620 0.999999881 -0.000216849 -0.000108119 0.000004694 0.000216852 1.000000119 0.000474989
0.999999046 0.001347662 0.000276864 0.000508525 -0.001347542 0.999998987 -0.000432384 -0.000168211 -0.000277446 0.000432010 0.999999940 0.000637677
0.999999881 0.000448761 -0.000430506 0.000608010 -0.000448799 0.999999881 -0.000088481 -0.000252368 0.000430466 0.000088674 0.999999940 0.000505594
0.999999762 0.000662821 -0.000202379 0.000513570 -0.000662839 0.999999762 -0.000088890 -0.000229291 0.000202320 0.000089024 1.000000000 0.000609038
1.000000000 0.000296960 -0.000142255 0.000488197 -0.000296985 1.000000000 -0.000177690 -0.000194490 0.000142202 0.000177732 1.000000119 0.000633477
0.999999821 0.000628910 -0.000243267 0.000572779 -0.000628943 0.999999881 -0.000135298 -0.000227868 0.000243182 0.000135451 1.000000000 0.000686605
0.999999881 0.000340222 -0.000537816 0.000626728 -0.000340475 0.999999821 -0.000469327 -0.000138321 0.000537657 0.000469510 0.999999821 0.000722614
0.999999881 0.000393695 -0.000320740 0.000578539 -0.000393696 0.999999940 -0.000002493 -0.000252831 0.000320739 0.000002619 1.000000000 0.000654669
0.999999881 0.000533754 -0.000168041 0.000565766 -0.000533763 0.999999881 -0.000057109 -0.000252732 0.000168010 0.000057199 1.000000000 0.000713125
0.999999642 -0.000114527 -0.000823617 0.000653433 0.000114672 1.000000000 0.000174978 -0.000386634 0.000823596 -0.000175072 0.999999702 0.000647813
0.999999821 -0.000164784 -0.000573896 0.000632678 0.000165007 0.999999940 0.000389526 -0.000358896 0.000573832 -0.000389621 0.999999702 0.000704012
0.999999881 0.000207260 -0.000291062 0.000637161 -0.000207196 0.999999940 0.000217220 -0.000294015 0.000291107 -0.000217160 0.999999940 0.000809353
0.999999642 0.000853166 -0.000191696 0.000643711 -0.000853214 0.999999642 -0.000248562 -0.000191169 0.000191484 0.000248726 0.999999940 0.000804019
0.999999523 0.000817465 -0.000417166 0.000547725 -0.000817706 0.999999583 -0.000579728 -0.000027384 0.000416692 0.000580069 0.999999762 0.000415344
0.999999702 0.000763425 0.000285543 0.000237715 -0.000763346 0.999999642 -0.000276732 -0.000052163 -0.000285754 0.000276514 1.000000000 0.000277967
0.999999702 0.000801184 -0.000135136 0.000467366 -0.000801226 0.999999642 -0.000313325 -0.000143367 0.000134885 0.000313433 1.000000000 0.000425366
0.999999762 0.000694020 0.000122055 0.000223205 -0.000693966 0.999999642 -0.000444214 0.000042315 -0.000122363 0.000444130 0.999999940 0.000293671
0.999999523 0.000963684 0.000374630 0.000408838 -0.000963553 0.999999464 -0.000348454 -0.000113927 -0.000374966 0.000348093 0.999999940 0.000609192
0.999998868 0.001530660 0.000303165 0.000446874 -0.001530511 0.999998689 -0.000489957 0.000009509 -0.000303914 0.000489492 0.999999881 0.000478909
0.999999583 0.000991049 0.000032571 0.000524508 -0.000991038 0.999999464 -0.000328041 -0.000105179 -0.000032896 0.000328009 1.000000000 0.000508499
0.999999583 0.000960429 -0.000116491 0.000539912 -0.000960479 0.999999464 -0.000428529 -0.000051313 0.000116080 0.000428641 0.999999940 0.000514926
0.999999166 0.001341215 0.000213676 0.000493321 -0.001341092 0.999998927 -0.000571232 0.000002676 -0.000214442 0.000570945 0.999999821 0.000594130
0.999999702 0.000733414 -0.000240884 0.000570350 -0.000733533 0.999999642 -0.000492807 -0.000207390 0.000240522 0.000492984 0.999999821 0.000724937
0.999999106 0.001275027 -0.000147425 0.000562284 -0.001275091 0.999999106 -0.000433528 -0.000077487 0.000146872 0.000433716 0.999999821 0.000589693
0.999999344 0.001149395 0.000089223 0.000330628 -0.001149376 0.999999464 -0.000209227 -0.000034207 -0.000089463 0.000209124 0.999999940 0.000372222
0.999999464 0.000951163 -0.000024850 0.000387806 -0.000951169 0.999999523 -0.000249137 -0.000045828 0.000024613 0.000249160 0.999999940 0.000340043
0.999998927 0.001428957 0.000113007 0.000502753 -0.001428927 0.999998927 -0.000267364 0.000004519 -0.000113389 0.000267202 0.999999940 0.000582857
0.999999881 0.000418376 -0.000402667 0.000519396 -0.000418498 0.999999881 -0.000303897 -0.000121289 0.000402540 0.000304066 0.999999940 0.000402067
0.999999344 0.001115481 0.000112560 0.000496303 -0.001115445 0.999999344 -0.000318922 -0.000099221 -0.000112915 0.000318796 1.000000000 0.000598600
0.999999404 0.001133958 0.000064846 0.000423513 -0.001133935 0.999999285 -0.000348197 -0.000029574 -0.000065240 0.000348123 1.000000000 0.000435985
0.999999285 0.001245630 -0.000010683 0.000586669 -0.001245631 0.999999285 -0.000134953 -0.000185769 0.000010515 0.000134966 1.000000119 0.000663490
0.999999940 0.000040709 -0.000392955 0.000485882 -0.000040743 1.000000000 -0.000084430 -0.000368479 0.000392951 0.000084446 0.999999940 0.000567764
0.999999940 0.000453164 -0.000244199 0.000437641 -0.000453266 0.999999821 -0.000415600 -0.000150585 0.000244010 0.000415711 0.999999940 0.000531221
0.999999881 0.000606091 -0.000143546 0.000511985 -0.000606176 0.999999642 -0.000597592 -0.000141613 0.000143184 0.000597679 0.999999881 0.000730598
0.999999344 0.001162196 -0.000053359 0.000407809 -0.001162222 0.999999225 -0.000491855 0.000018104 0.000052787 0.000491916 0.999999940 0.000423527
0.999999881 -0.000087157 -0.000473466 0.000534109 0.000086971 0.999999940 -0.000392646 -0.000282284 0.000473501 0.000392605 0.999999881 0.000576471
0.999999881 0.000050927 -0.000564308 0.000568699 -0.000051124 0.999999940 -0.000348980 -0.000307725 0.000564290 0.000349009 0.999999821 0.000550118
0.999999762 0.000666953 -0.000181633 0.000381304 -0.000667058 0.999999583 -0.000577620 -0.000095274 0.000181248 0.000577741 0.999999881 0.000464008
1.000000000 0.000228032 -0.000255591 0.000516482 -0.000228126 0.999999881 -0.000369838 -0.000304744 0.000255507 0.000369897 0.999999940 0.000617528
0.999999642 0.000806838 -0.000325927 0.000588445 -0.000807014 0.999999523 -0.000541061 -0.000148617 0.000325490 0.000541323 0.999999881 0.000632135
0.999999642 0.000860338 -0.000305180 0.000531284 -0.000860458 0.999999523 -0.000393555 -0.000147363 0.000304841 0.000393818 0.999999940 0.000529747
0.999998927 0.001463145 -0.000069651 0.000625819 -0.001463181 0.999998808 -0.000515119 -0.000084788 0.000068898 0.000515221 0.999999881 0.000673313
0.999999523 0.000958197 0.000114209 0.000435448 -0.000958156 0.999999464 -0.000363157 -0.000146739 -0.000114557 0.000363047 1.000000000 0.000569930
0.999999285 0.001181345 -0.000181688 0.000554952 -0.001181437 0.999999166 -0.000508770 -0.000093817 0.000181087 0.000508984 0.999999940 0.000587065
0.999999940 0.000428091 -0.000289203 0.000523547 -0.000428211 0.999999821 -0.000413879 -0.000221482 0.000289026 0.000414002 0.999999940 0.000682338
0.999999583 0.000853236 -0.000419369 0.000608752 -0.000853470 0.999999464 -0.000557420 -0.000140373 0.000418893 0.000557777 0.999999821 0.000598506
0.999999285 0.001151851 -0.000413883 0.000599699 -0.001151977 0.999999285 -0.000303879 -0.000159007 0.000413533 0.000304356 0.999999940 0.000592897
0.999999404 0.001136235 -0.000108793 0.000465082 -0.001136289 0.999999225 -0.000499282 -0.000059608 0.000108226 0.000499405 0.999999940 0.000517253
0.999999046 0.001433847 -0.000107735 0.000508916 -0.001433894 0.999998868 -0.000446656 -0.000000561 0.000107094 0.000446810 0.999999940 0.000522425
0.999999464 0.001029254 0.000076267 0.000457756 -0.001029231 0.999999404 -0.000309143 -0.000160805 -0.000076585 0.000309064 1.000000000 0.000649495
0.999998569 0.001719592 0.000147465 0.000585667 -0.001719519 0.999998391 -0.000494913 -0.000045510 -0.000148315 0.000494659 0.999999940 0.000705595
0.999999583 0.000801981 -0.000278773 0.000471232 -0.000802157 0.999999523 -0.000633480 -0.000043695 0.000278264 0.000633703 0.999999762 0.000468582
0.999999583 0.000922558 -0.000023730 0.000558874 -0.000922564 0.999999583 -0.000256050 -0.000235403 0.000023494 0.000256072 0.999999940 0.000602866
0.999998868 0.001540879 -0.000013444 0.000619769 -0.001540883 0.999998748 -0.000316783 -0.000102923 0.000012955 0.000316804 0.999999940 0.000679060
0.999999225 0.001218217 -0.000446667 0.000674410 -0.001218453 0.999999106 -0.000529176 -0.000114898 0.000446022 0.000529720 0.999999821 0.000661337
0.999999642 0.000825084 -0.000018460 0.000415347 -0.000825087 0.999999702 -0.000133854 -0.000220285 0.000018350 0.000133869 1.000000119 0.000490017
0.999999225 0.001257004 -0.000242053 0.000575097 -0.001257069 0.999999166 -0.000269174 -0.000129449 0.000241715 0.000269479 1.000000000 0.000509982
0.999999821 0.000706590 -0.000269566 0.000504050 -0.000706678 0.999999762 -0.000327909 -0.000183197 0.000269334 0.000328099 0.999999940 0.000518962
0.999999225 0.001308618 0.000063669 0.000543314 -0.001308590 0.999999046 -0.000433236 -0.000019612 -0.000064236 0.000433153 0.999999940 0.000600854
0.999999940 0.000071741 -0.000415285 0.000414525 -0.000071875 0.999999940 -0.000322721 -0.000160739 0.000415262 0.000322751 0.999999940 0.000289216
0.999999285 0.001243918 -0.000233388 0.000624128 -0.001244037 0.999999106 -0.000513020 -0.000063451 0.000232750 0.000513310 0.999999881 0.000707115
0.999999464 0.001085982 -0.000165321 0.000592564 -0.001086049 0.999999344 -0.000407237 -0.000167370 0.000164878 0.000407416 0.999999940 0.000708181
0.999998987 0.001479877 0.000068531 0.000434367 -0.001479845 0.999998808 -0.000459205 0.000040371 -0.000069210 0.000459103 0.999999940 0.000403411
0.999999940 0.000115924 -0.000410100 0.000569100 -0.000116092 0.999999881 -0.000409832 -0.000303232 0.000410053 0.000409879 0.999999881 0.000663518
0.999999046 0.001412009 0.000042215 0.000472091 -0.001412000 0.999999046 -0.000224592 -0.000026325 -0.000042532 0.000224533 1.000000000 0.000465487
0.999999642 0.000817523 -0.000188655 0.000546978 -0.000817608 0.999999583 -0.000452719 -0.000133040 0.000188285 0.000452873 0.999999940 0.000625768
0.999999285 0.001244080 -0.000127956 0.000570300 -0.001244130 0.999999166 -0.000400030 -0.000081671 0.000127458 0.000400189 1.000000000 0.000650081
0.999999940 0.000352363 -0.000263601 0.000507849 -0.000352440 0.999999881 -0.000294728 -0.000296550 0.000263497 0.000294821 1.000000000 0.000558725
0.999999583 0.000959454 -0.000258475 0.000616114 -0.000959503 0.999999583 -0.000187968 -0.000120874 0.000258294 0.000188216 1.000000000 0.000517346
0.999999881 0.000724073 0.000008805 0.000557671 -0.000724070 0.999999762 -0.000311799 -0.000203910 -0.000009030 0.000311793 1.000000000 0.000637877
0.999999821 0.000431793 -0.000529720 0.000640141 -0.000431973 0.999999821 -0.000340006 -0.000295200 0.000529573 0.000340235 0.999999881 0.000568476
0.999999940 0.000352404 -0.000237197 0.000434938 -0.000352472 0.999999881 -0.000286507 -0.000233552 0.000237096 0.000286591 1.000000000 0.000385832
0.999999881 0.000429249 -0.000461110 0.000503394 -0.000429395 0.999999881 -0.000317369 -0.000201370 0.000460974 0.000317567 0.999999821 0.000565638
0.999999464 0.000917889 -0.000479373 0.000666486 -0.000918219 0.999999404 -0.000689088 -0.000041937 0.000478741 0.000689528 0.999999702 0.000601430
0.999999762 0.000569753 -0.000354398 0.000562679 -0.000569876 0.999999762 -0.000347278 -0.000241657 0.000354200 0.000347480 0.999999940 0.000661375
0.999999344 0.001145151 -0.000176888 0.000517562 -0.001145188 0.999999404 -0.000209406 -0.000118492 0.000176648 0.000209609 1.000000000 0.000439008
0.999999762 0.000701687 -0.000184968 0.000562510 -0.000701755 0.999999702 -0.000364209 -0.000184238 0.000184713 0.000364339 0.999999940 0.000659087
0.999999702 0.000830558 0.000023246 0.000466807 -0.000830552 0.999999702 -0.000246272 -0.000141372 -0.000023451 0.000246252 1.000000000 0.000497982
0.999999881 0.000478696 -0.000215296 0.000527094 -0.000478836 0.999999762 -0.000650743 -0.000150285 0.000214985 0.000650846 0.999999821 0.000648187
0.999999702 0.000677577 -0.000162187 0.000583881 -0.000677599 0.999999821 -0.000134756 -0.000283682 0.000162096 0.000134866 0.999999940 0.000592956
0.999999940 0.000411491 -0.000128014 0.000470540 -0.000411536 0.999999881 -0.000348738 -0.000239383 0.000127871 0.000348791 1.000000000 0.000488763
0.999999821 0.000535291 -0.000218513 0.000522174 -0.000535417 0.999999702 -0.000575853 -0.000129507 0.000218205 0.000575970 0.999999881 0.000666932
0.999999940 0.000362408 -0.000283917 0.000552376 -0.000362427 0.999999940 -0.000069675 -0.000324207 0.000283892 0.000069778 1.000000000 0.000529787
0.999999523 0.000931942 -0.000413676 0.000693956 -0.000932146 0.999999464 -0.000492881 -0.000117303 0.000413216 0.000493266 0.999999881 0.000761630
0.999999762 0.000652935 -0.000433495 0.000546123 -0.000653067 0.999999762 -0.000303034 -0.000180507 0.000433297 0.000303317 0.999999940 0.000530394
0.999998689 0.001668603 -0.000082406 0.000618236 -0.001668620 0.999998629 -0.000204443 -0.000101676 0.000082065 0.000204581 1.000000000 0.000625026
0.999999404 0.001144532 -0.000097785 0.000601816 -0.001144547 0.999999404 -0.000152872 -0.000220942 0.000097610 0.000152984 1.000000000 0.000665779
0.999999285 0.001262003 0.000017595 0.000612014 -0.001262002 0.999999225 -0.000078566 -0.000203101 -0.000017694 0.000078543 1.000000119 0.000614426
0.999999285 0.001217862 -0.000085993 0.000618473 -0.001217880 0.999999285 -0.000214148 -0.000195253 0.000085732 0.000214253 1.000000000 0.000689435
0.999999642 0.000397950 -0.000753704 0.000648657 -0.000398208 0.999999940 -0.000343318 -0.000227969 0.000753567 0.000343618 0.999999642 0.000568526
0.999998391 0.001749284 -0.000092503 0.000637003 -0.001749334 0.999998331 -0.000542021 -0.000003894 0.000091555 0.000542182 0.999999762 0.000770317
0.999999642 0.000839165 -0.000156986 0.000639466 -0.000839225 0.999999642 -0.000384945 -0.000232605 0.000156663 0.000385076 0.999999881 0.000816507
0.999999523 0.000938168 0.000105115 0.000475637 -0.000938116 0.999999464 -0.000493478 -0.000045322 -0.000105578 0.000493379 0.999999821 0.000658110
0.999999881 0.000508704 -0.000237582 0.000492978 -0.000508850 0.999999702 -0.000616464 -0.000153032 0.000237268 0.000616585 0.999999821 0.000680283
0.999999881 0.000583646 -0.000136255 0.000501014 -0.000583710 0.999999702 -0.000471383 -0.000181303 0.000135980 0.000471462 0.999999940 0.000655111
0.999999583 0.000772418 -0.000260212 0.000557784 -0.000772543 0.999999583 -0.000479449 -0.000141364 0.000259842 0.000479650 0.999999881 0.000671618
0.999999881 0.000495706 -0.000316708 0.000551695 -0.000495732 0.999999881 -0.000081263 -0.000187800 0.000316668 0.000081420 1.000000000 0.000406742
0.999999821 0.000592201 -0.000180732 0.000519662 -0.000592265 0.999999762 -0.000358005 -0.000141614 0.000180520 0.000358112 0.999999940 0.000541767
0.999999762 0.000446597 -0.000522053 0.000654393 -0.000446766 0.999999821 -0.000324632 -0.000210764 0.000521908 0.000324865 0.999999881 0.000577578
0.999999762 0.000511963 -0.000323888 0.000430273 -0.000512107 0.999999762 -0.000444515 -0.000114275 0.000323660 0.000444681 0.999999762 0.000435314
0.999999642 0.000752630 -0.000347127 0.000483402 -0.000752657 0.999999702 -0.000078860 -0.000158768 0.000347067 0.000079121 1.000000000 0.000399943
0.999999821 0.000676469 -0.000000475 0.000537669 -0.000676469 0.999999762 -0.000028177 -0.000257955 0.000000456 0.000028177 1.000000000 0.000635821
0.999999702 0.000675799 -0.000535792 0.000609815 -0.000676000 0.999999702 -0.000376061 -0.000168972 0.000535538 0.000376423 0.999999821 0.000546893
0.999999762 0.000696131 -0.000163700 0.000509194 -0.000696161 0.999999881 -0.000179242 -0.000236588 0.000163575 0.000179356 1.000000000 0.000632294
0.999999583 0.000780383 -0.000497888 0.000590754 -0.000780376 0.999999702 0.000014664 -0.000277419 0.000497899 -0.000014276 0.999999940 0.000576675
0.999999523 0.000810236 -0.000439642 0.000585580 -0.000810414 0.999999583 -0.000405468 -0.000164405 0.000439313 0.000405825 0.999999762 0.000649956
0.999998987 0.001451058 0.000214797 0.000520776 -0.001450997 0.999998927 -0.000283938 -0.000051763 -0.000215209 0.000283626 1.000000000 0.000688255
0.999999464 0.001060352 -0.000033855 0.000568863 -0.001060367 0.999999344 -0.000435970 -0.000145820 0.000033393 0.000436005 0.999999940 0.000703364
0.999999881 0.000623192 -0.000151510 0.000544260 -0.000623256 0.999999702 -0.000419453 -0.000191159 0.000151249 0.000419547 0.999999940 0.000695048
0.999999940 0.000446514 -0.000235541 0.000535592 -0.000446575 0.999999881 -0.000260164 -0.000228662 0.000235425 0.000260269 1.000000000 0.000682959
0.999999523 0.001018426 -0.000230579 0.000576011 -0.001018528 0.999999404 -0.000440045 -0.000095067 0.000230131 0.000440280 0.999999940 0.000640944
0.999999702 0.000817171 -0.000241203 0.000537726 -0.000817315 0.999999464 -0.000599067 -0.000067267 0.000240714 0.000599264 0.999999821 0.000686564
0.999999404 0.001093099 -0.000173535 0.000556660 -0.001093164 0.999999344 -0.000376379 -0.000103622 0.000173123 0.000376568 0.999999940 0.000671888
0.999999821 0.000500861 -0.000347976 0.000584064 -0.000500970 0.999999821 -0.000312778 -0.000239296 0.000347819 0.000312952 0.999999940 0.000701702
0.999999881 0.000479003 -0.000311383 0.000553457 -0.000479158 0.999999762 -0.000498107 -0.000217291 0.000311144 0.000498256 0.999999881 0.000726190
0.999999762 0.000745425 -0.000006329 0.000383378 -0.000745426 0.999999821 -0.000205264 -0.000140778 0.000006176 0.000205268 1.000000119 0.000490862
0.999999762 0.000465840 -0.000511378 0.000493285 -0.000466072 0.999999762 -0.000453319 -0.000142743 0.000511167 0.000453558 0.999999762 0.000504131
0.999999464 0.001038623 -0.000383700 0.000618659 -0.001038825 0.999999344 -0.000525996 -0.000142194 0.000383154 0.000526394 0.999999762 0.000609853
0.999999821 0.000696489 -0.000145702 0.000402994 -0.000696532 0.999999702 -0.000296338 -0.000156129 0.000145496 0.000296439 0.999999940 0.000522150
0.999999940 0.000435899 -0.000272159 0.000487459 -0.000436006 0.999999821 -0.000395500 -0.000183015 0.000271987 0.000395618 0.999999940 0.000579288
0.999999166 0.001347784 -0.000078006 0.000491213 -0.001347805 0.999999046 -0.000265714 -0.000106849 0.000077647 0.000265819 1.000000000 0.000484128
0.999999821 0.000669374 -0.000259014 0.000492806 -0.000669442 0.999999762 -0.000264221 -0.000185423 0.000258837 0.000264394 1.000000000 0.000508824
0.999998927 0.001464651 0.000083550 0.000542659 -0.001464594 0.999998748 -0.000672389 0.000005316 -0.000084535 0.000672266 0.999999821 0.000641531
0.999999821 0.000633371 0.000105528 0.000501765 -0.000633312 0.999999642 -0.000562010 -0.000204319 -0.000105884 0.000561943 0.999999881 0.000841500
0.999999583 0.000964188 -0.000103265 0.000461389 -0.000964235 0.999999404 -0.000459554 -0.000111070 0.000102822 0.000459653 0.999999940 0.000496029
0.999999464 0.001101357 0.000004265 0.000400324 -0.001101355 0.999999344 -0.000306567 -0.000037831 -0.000004603 0.000306562 1.000000000 0.000338247
0.999999642 0.000834767 -0.000202439 0.000569657 -0.000834806 0.999999702 -0.000191119 -0.000201895 0.000202279 0.000191288 1.000000000 0.000546287
0.999999404 0.001010170 -0.000377179 0.000640762 -0.001010222 0.999999523 -0.000137526 -0.000222571 0.000377039 0.000137907 1.000000000 0.000536022
0.999999762 0.000733311 -0.000342670 0.000520122 -0.000733408 0.999999762 -0.000283749 -0.000189379 0.000342462 0.000284000 0.999999940 0.000506992
0.999999821 0.000379795 -0.000477225 0.000631039 -0.000380036 0.999999821 -0.000504857 -0.000229613 0.000477033 0.000505039 0.999999821 0.000791661
0.999999881 0.000345615 -0.000337437 0.000380175 -0.000345698 0.999999940 -0.000244531 -0.000183574 0.000337353 0.000244647 1.000000000 0.000335183
0.999999821 0.000571622 -0.000224565 0.000539895 -0.000571751 0.999999642 -0.000576091 -0.000172950 0.000224235 0.000576219 0.999999881 0.000617453
0.999999166 0.001342214 -0.000095033 0.000565120 -0.001342238 0.999999046 -0.000262272 -0.000135149 0.000094681 0.000262399 1.000000000 0.000579337
0.999999344 0.001145180 -0.000152412 0.000470138 -0.001145169 0.999999404 0.000074881 -0.000126313 0.000152497 -0.000074706 0.999999940 0.000419980
0.999999464 0.000972516 -0.000122096 0.000454298 -0.000972575 0.999999404 -0.000483453 -0.000050278 0.000121626 0.000483572 0.999999881 0.000513625
0.999999821 -0.000021908 -0.000602473 0.000582295 0.000021733 1.000000000 -0.000291412 -0.000343148 0.000602480 0.000291399 0.999999762 0.000604767
0.999999940 0.000255814 -0.000432626 0.000533607 -0.000255867 0.999999940 -0.000124248 -0.000293429 0.000432594 0.000124359 0.999999940 0.000446275
0.999998927 0.001453398 -0.000177169 0.000547188 -0.001453475 0.999998868 -0.000436515 -0.000027422 0.000176534 0.000436772 0.999999940 0.000469109
0.999999046 0.001391915 0.000175341 0.000436787 -0.001391839 0.999998927 -0.000436523 -0.000019593 -0.000175948 0.000436278 0.999999940 0.000442035
0.999999166 0.001252677 -0.000408572 0.000589856 -0.001252791 0.999999166 -0.000279349 -0.000130703 0.000408222 0.000279860 0.999999940 0.000529376
0.999999881 0.000221556 -0.000492220 0.000492065 -0.000221716 0.999999940 -0.000325059 -0.000258454 0.000492148 0.000325168 0.999999881 0.000526093
0.999999762 0.000676260 -0.000384663 0.000566530 -0.000676424 0.999999702 -0.000425229 -0.000189091 0.000384376 0.000425489 0.999999881 0.000593369
0.999999821 0.000653598 -0.000104526 0.000625638 -0.000653672 0.999999583 -0.000707976 -0.000161112 0.000104063 0.000708045 0.999999821 0.000735009
0.999999642 0.000872942 -0.000296541 0.000577883 -0.000873056 0.999999523 -0.000384337 -0.000196632 0.000296205 0.000384595 0.999999940 0.000593780
0.999999225 0.001167014 0.000413723 0.000285200 -0.001166823 0.999999225 -0.000462114 -0.000096711 -0.000414262 0.000461631 0.999999881 0.000573394
0.999999642 0.000763116 -0.000362913 0.000603639 -0.000763286 0.999999583 -0.000469336 -0.000210519 0.000362554 0.000469613 0.999999821 0.000666874
0.999999702 0.000573389 -0.000600101 0.000682469 -0.000573680 0.999999702 -0.000484828 -0.000222256 0.000599822 0.000485173 0.999999762 0.000681035
0.999999881 0.000558535 -0.000150526 0.000508055 -0.000558593 0.999999762 -0.000382998 -0.000212398 0.000150312 0.000383082 1.000000000 0.000630006
0.999998987 0.001462652 -0.000017381 0.000484043 -0.001462656 0.999998868 -0.000286119 -0.000115893 0.000016962 0.000286144 1.000000000 0.000526805
0.999999404 0.001151200 -0.000137165 0.000567279 -0.001151256 0.999999285 -0.000402364 -0.000186668 0.000136701 0.000402522 0.999999940 0.000684543
0.999998629 0.001699183 -0.000108855 0.000643481 -0.001699226 0.999998450 -0.000391962 -0.000046531 0.000108188 0.000392147 1.000000000 0.000602911
0.999999821 0.000706376 -0.000240252 0.000541003 -0.000706431 0.999999821 -0.000228449 -0.000223053 0.000240091 0.000228619 1.000000000 0.000659451
0.999999702 0.000648130 -0.000369206 0.000507912 -0.000648209 0.999999821 -0.000214787 -0.000309462 0.000369067 0.000215027 0.999999940 0.000596559
0.999999642 0.000842773 -0.000030589 0.000530852 -0.000842780 0.999999642 -0.000251748 -0.000179460 0.000030377 0.000251774 1.000000000 0.000577497
0.999998450 0.001774132 0.000168009 0.000563790 -0.001774110 0.999998450 -0.000128366 -0.000106406 -0.000168237 0.000128068 1.000000119 0.000545474
0.999999166 0.001324078 -0.000132276 0.000630255 -0.001324111 0.999999106 -0.000251516 -0.000144311 0.000131943 0.000251691 0.999999940 0.000536401
0.999998569 0.001580591 0.000583593 0.000396212 -0.001579915 0.999998152 -0.001156405 0.000003390 -0.000585420 0.001155481 0.999999225 0.000775766
0.999999166 0.001310428 0.000142747 0.000496264 -0.001310298 0.999998748 -0.000905263 0.000001812 -0.000143933 0.000905075 0.999999642 0.000617449
0.999999285 0.001174622 0.000251828 0.000449944 -0.001174401 0.999998927 -0.000873159 -0.000130463 -0.000252854 0.000872862 0.999999642 0.000728625
0.999998271 0.001841289 0.000451078 0.000540952 -0.001840976 0.999998152 -0.000691647 -0.000058516 -0.000452350 0.000690816 0.999999702 0.000612509
0.999999464 0.000862533 0.000529985 0.000283591 -0.000861986 0.999999106 -0.001032471 -0.000145856 -0.000530875 0.001032013 0.999999344 0.000614618
0.999998868 0.001279249 0.000894304 0.000275590 -0.001278256 0.999998569 -0.001110233 -0.000110236 -0.000895723 0.001109088 0.999999046 0.000608723
0.999998093 0.001669796 0.001038310 0.000318837 -0.001668697 0.999998033 -0.001058975 -0.000209128 -0.001040077 0.001057240 0.999998987 0.000760693
1.000000119 0.000028233 0.000067487 0.000374399 -0.000028152 0.999999344 -0.001210662 -0.000275929 -0.000067521 0.001210660 0.999999344 0.000681785
0.999999762 0.000660333 0.000250298 0.000402288 -0.000660080 0.999999285 -0.001011259 -0.000210314 -0.000250966 0.001011093 0.999999523 0.000616859
0.999999523 0.000883241 0.000414470 0.000370704 -0.000882849 0.999999166 -0.000944568 -0.000151263 -0.000415304 0.000944202 0.999999523 0.000590112
0.999999762 0.000587451 0.000402545 0.000291251 -0.000587093 0.999999404 -0.000888402 -0.000190662 -0.000403067 0.000888165 0.999999583 0.000622648
0.999999523 0.000825077 0.000544867 0.000338419 -0.000824469 0.999999106 -0.001115972 -0.000147798 -0.000545787 0.001115522 0.999999285 0.000756677
0.999999762 0.000594909 0.000450698 0.000419356 -0.000594536 0.999999464 -0.000828579 -0.000385054 -0.000451191 0.000828311 0.999999642 0.000827636
0.999999881 0.000630748 0.000060440 0.000547713 -0.000630706 0.999999642 -0.000682629 -0.000363380 -0.000060871 0.000682591 0.999999821 0.000744298
0.999999881 -0.000465176 0.000128051 0.000414182 0.000465281 0.999999583 -0.000818402 -0.000482863 -0.000127670 0.000818462 0.999999642 0.000680125
0.999999821 0.000567396 0.000123136 0.000489945 -0.000567267 0.999999285 -0.001041597 -0.000203828 -0.000123727 0.001041527 0.999999523 0.000690709
0.999999285 0.001155820 0.000461147 0.000413701 -0.001155333 0.999998748 -0.001055706 -0.000119859 -0.000462367 0.001055172 0.999999404 0.000748906
0.999999404 0.001149976 -0.000091580 0.000588122 -0.001150085 0.999998689 -0.001197102 -0.000118127 0.000090204 0.001197207 0.999999344 0.000714681
0.999999464 0.000846235 0.000562630 0.000234359 -0.000845401 0.999998569 -0.001481872 0.000006295 -0.000563883 0.001481395 0.999998808 0.000618692
0.999999106 0.001282328 0.000488625 0.000432598 -0.001281882 0.999998748 -0.000912136 -0.000103110 -0.000489794 0.000911508 0.999999523 0.000729225
0.999999762 0.000620914 0.000233542 0.000474069 -0.000620574 0.999998748 -0.001451648 -0.000062416 -0.000234443 0.001451502 0.999998987 0.000743870
0.999999166 0.001313190 -0.000296735 0.000649454 -0.001313365 0.999998987 -0.000590123 -0.000017362 0.000295960 0.000590513 0.999999821 0.000682261
0.999999881 0.000557040 -0.000231588 0.000578540 -0.000557028 0.999999821 0.000052280 -0.000249163 0.000231617 -0.000052151 1.000000000 0.000715520
0.999999821 0.000416887 -0.000586813 0.000646777 -0.000416960 0.999999881 -0.000125013 -0.000209664 0.000586761 0.000125258 0.999999881 0.000620695
0.999999106 0.001362005 -0.000231028 0.000647877 -0.001362047 0.999999106 -0.000179296 -0.000140455 0.000230784 0.000179611 1.000000000 0.000683812
0.999998391 0.001736026 0.000604338 0.000390915 -0.001735521 0.999998152 -0.000834370 -0.000092688 -0.000605785 0.000833320 0.999999523 0.000684119
0.999999464 0.001018239 -0.000053866 0.000527161 -0.001018303 0.999998808 -0.001206253 -0.000113478 0.000052637 0.001206307 0.999999344 0.000786606
0.999999225 0.001253459 -0.000064874 0.000395677 -0.001253489 0.999999106 -0.000468251 -0.000069616 0.000064287 0.000468332 0.999999881 0.000363972
0.999999583 0.000826910 -0.000377078 0.000679087 -0.000827050 0.999999583 -0.000371799 -0.000277254 0.000376770 0.000372111 0.999999940 0.000715468
0.999998689 0.001617862 -0.000035568 0.000555977 -0.001617872 0.999998629 -0.000284429 -0.000138642 0.000035107 0.000284486 1.000000000 0.000558830
0.999998927 0.001490869 0.000184577 0.000501245 -0.001490776 0.999998748 -0.000501869 -0.000030518 -0.000185325 0.000501593 0.999999940 0.000520526
0.999999583 0.000922528 -0.000229380 0.000508824 -0.000922547 0.999999583 -0.000084532 -0.000201860 0.000229302 0.000084744 1.000000000 0.000351590
0.999999881 0.000586076 0.000046309 0.000428404 -0.000586055 0.999999702 -0.000457032 -0.000091919 -0.000046577 0.000457005 0.999999940 0.000413182
0.999998808 0.001583869 0.000031579 0.000533532 -0.001583846 0.999998569 -0.000703153 -0.000080720 -0.000032692 0.000703102 0.999999762 0.000535811
0.999999523 0.000914015 -0.000448193 0.000552939 -0.000914204 0.999999523 -0.000420418 -0.000134632 0.000447808 0.000420828 0.999999881 0.000451992
0.999999583 0.000861723 -0.000422950 0.000507770 -0.000862018 0.999999464 -0.000697698 -0.000103990 0.000422348 0.000698062 0.999999642 0.000445161
0.999999285 0.001162526 -0.000402569 0.000648514 -0.001162653 0.999999285 -0.000314866 -0.000055965 0.000402203 0.000315333 0.999999940 0.000576608
0.999999702 0.000710303 -0.000536785 0.000680608 -0.000710474 0.999999762 -0.000317480 -0.000207397 0.000536559 0.000317861 0.999999881 0.000596699
0.999999762 0.000746901 -0.000228769 0.000595280 -0.000746919 0.999999702 -0.000080749 -0.000172613 0.000228709 0.000080920 1.000000000 0.000667907
0.999999821 0.000549082 -0.000446013 0.000555605 -0.000549185 0.999999881 -0.000229714 -0.000198835 0.000445886 0.000229959 0.999999881 0.000550436
0.999999940 0.000161506 -0.000371111 0.000589280 -0.000161507 1.000000000 -0.000003946 -0.000231305 0.000371111 0.000004006 0.999999940 0.000617759
0.999999821 0.000334006 -0.000598958 0.000693543 -0.000333825 0.999999940 0.000301800 -0.000255589 0.000599059 -0.000301600 0.999999821 0.000749305
