image_width: 640
image_height: 480
camera_name: narrow_stereo
camera_matrix:
  rows: 3
  cols: 3
  data: [683.156835, 0.000000, 323.642326, 0.000000, 683.032873, 236.456896, 0.000000, 0.000000, 1.000000]
distortion_model: plumb_bob
distortion_coefficients:
  rows: 1
  cols: 5
  data: [-0.027120, 0.151241, -0.005511, 0.000963, 0.000000]
rectification_matrix:
  rows: 3
  cols: 3
  data: [1.000000, 0.000000, 0.000000, 0.000000, 1.000000, 0.000000, 0.000000, 0.000000, 1.000000]
projection_matrix:
  rows: 3
  cols: 4
  data: [690.868286, 0.000000, 324.015422, 0.000000, 0.000000, 688.692627, 234.416918, 0.000000, 0.000000, 0.000000, 1.000000, 0.000000]
