# oST version 5.0 parameters


[image]

width
640

height
480

[narrow_stereo]

camera matrix
683.156835 0.000000 323.642326
0.000000 683.032873 236.456896
0.000000 0.000000 1.000000

distortion
-0.027120 0.151241 -0.005511 0.000963 0.000000

rectification
1.000000 0.000000 0.000000
0.000000 1.000000 0.000000
0.000000 0.000000 1.000000

projection
690.868286 0.000000 324.015422 0.000000
0.000000 688.692627 234.416918 0.000000
0.000000 0.000000 1.000000 0.000000

